=== run201A search ===
200 0.943038
200 0.049105
200 0.063192
200 0.836914
200 0.799856
200 0.054859
200 0.035418
200 0.040981
200 0.843712
200 0.033082
200 0.053200
200 1.475488
200 0.034999
200 0.039417
200 0.052439
200 0.030969
200 0.033130
200 0.035375
200 0.065333
200 0.035854
=== run201B search ===
200 0.038487
200 0.036962
200 0.035475
200 0.039619
200 0.036626
200 0.037669
200 0.033511
200 0.051166
200 0.043214
200 0.037887
200 0.044979
200 0.034945
200 0.050739
200 0.036012
200 0.037783
200 0.039893
200 0.031353
200 0.037902
200 0.035811
200 0.044832
=== run201C search ===
200 0.045564
200 0.044171
200 0.039653
200 0.044456
200 0.034784
200 0.033913
200 0.035532
200 0.043035
200 0.039471
200 0.035496
200 0.036999
200 0.034867
200 0.037657
200 0.041208
200 0.033860
200 0.037300
200 0.036176
200 0.036510
200 0.035973
200 0.030733
=== landing control ===
200 0.035598
200 0.036381
200 0.039900
200 0.040610
200 0.039034
200 0.035617
200 0.036524
200 0.041222
200 0.041071
200 0.036528
200 0.039993
200 0.032014
200 0.038249
200 0.035280
200 0.048592
200 0.041143
200 0.035572
200 0.053001
200 0.040768
200 0.038333
09:23:58 JST
 9:23  up 1 day,  2:07, 11 users, load averages: 9.92 32.47 40.28
