start 2026-09-05 05:26:42 +0900
 5:26  up 6 days, 17:25, 13 users, load averages: 3.71 5.32 6.25
=== run114A 05:26:42 ===
200 0.036434
200 0.043555
200 0.038055
200 0.050922
200 0.042001
200 0.038363
200 0.033238
200 0.033391
200 0.038207
200 0.044694
200 0.039431
200 0.035948
200 0.050220
200 0.041194
200 0.037887
200 0.046063
200 0.049482
200 0.035144
200 0.028351
200 0.041196
=== run114B 05:26:49 ===
200 0.035746
200 0.034283
200 0.045133
200 0.046798
200 0.033240
200 0.067990
200 0.040267
200 0.036014
200 0.039336
200 0.047264
200 0.042814
200 0.034009
200 0.037307
200 0.034884
200 0.038106
200 0.041333
200 0.046715
200 0.034652
200 0.064199
200 0.035109
=== run114C 05:26:55 ===
200 0.036605
200 0.041116
200 0.033874
200 0.041875
200 0.041893
200 0.038535
200 0.036006
200 0.032421
200 0.042176
200 0.034347
200 0.072938
200 0.043033
200 0.036703
200 0.033716
200 0.046438
200 0.039809
200 0.040050
200 0.038397
200 0.038098
200 0.038978
=== landing control 05:27:01 ===
200 0.074665
200 0.040605
200 0.038832
200 0.037382
200 0.043680
200 0.039276
200 0.041294
200 0.035522
200 0.037482
200 0.037042
200 0.041347
200 0.039404
200 0.041558
200 0.040200
200 0.037803
200 0.041118
200 0.042206
200 0.038896
200 0.042043
200 0.046718
end 2026-09-05 05:27:08 +0900
 5:27  up 6 days, 17:25, 13 users, load averages: 3.98 5.26 6.20
