=== run91A search ===
200 0.205361
200 0.242099
200 0.136052
200 0.121186
200 0.125922
200 0.073399
200 0.134264
200 0.061910
200 0.071009
200 0.108917
200 0.123628
200 0.078543
200 0.069060
200 0.068046
200 0.078048
200 0.083541
200 0.087040
200 0.091916
200 0.147546
200 0.075628
=== run91B search ===
200 0.089188
200 0.165248
200 0.093867
200 0.086762
200 0.084740
200 0.107352
200 0.171958
200 0.059249
200 0.112624
200 0.083443
200 0.084603
200 0.060882
200 0.073097
200 0.060466
200 0.080348
200 0.064600
200 0.090155
200 0.082264
200 0.140864
200 0.061666
=== run91C search ===
200 0.083234
200 0.078375
200 0.060038
200 0.062864
200 0.121391
200 0.093503
200 0.054417
200 0.056842
200 0.075911
200 0.072070
200 0.088482
200 0.068922
200 0.098543
200 0.094709
200 0.153734
200 0.108073
200 0.085653
200 0.069110
200 0.066713
200 0.116095
=== landing control ===
200 0.138871
200 0.150636
200 0.092366
200 0.106010
200 0.074021
200 0.075774
200 0.074459
200 0.089492
200 0.076378
200 0.082090
200 0.092404
200 0.077407
200 0.093077
200 0.074385
200 0.072314
200 0.070708
200 0.084424
200 0.067009
200 0.071072
200 0.137537
