=== run95A search ===
200 0.111139
200 1.129674
200 0.137629
200 1.179804
200 1.117807
200 0.091798
200 1.522272
200 0.086674
200 2.065096
200 0.081531
200 0.079984
200 0.165592
200 0.171111
200 0.158890
200 0.121720
200 0.155493
200 0.096058
200 0.060198
200 0.086268
200 0.069494
=== run95B search ===
200 0.063729
200 0.059635
200 0.080802
200 0.066354
200 0.100138
200 0.093713
200 0.113855
200 0.075046
200 0.198279
200 0.076892
200 0.073105
200 0.121371
200 0.065378
200 0.122003
200 0.094870
200 0.153712
200 0.105522
200 0.108615
200 0.071629
200 0.062590
=== run95C search ===
200 0.066692
200 0.175204
200 0.083355
200 0.106681
200 0.055143
200 0.145488
200 0.097106
200 0.102292
200 0.109067
200 0.128689
200 0.099996
200 0.145289
200 0.122015
200 0.160685
200 0.101747
200 0.154985
200 0.078960
200 0.073465
200 0.063355
200 0.063899
=== landing control ===
200 0.084586
200 0.063115
200 0.068583
200 0.094836
200 0.077199
200 0.071058
200 0.055571
200 0.065915
200 0.369125
200 0.076399
200 0.069701
200 0.076990
200 0.073458
200 0.073084
200 0.064356
200 0.090662
200 0.089224
200 0.118434
200 0.103403
200 0.077592
