== run89A search 20:12:28 ==
1 200 1.214673
2 200 0.058107
3 200 0.064409
4 200 0.044560
5 200 0.064192
6 200 0.056866
7 200 0.070140
8 200 0.048882
9 200 0.052225
10 200 0.058668
11 200 0.044574
12 200 0.044556
13 200 1.294826
14 200 0.050401
15 200 0.035540
16 200 0.060182
17 200 0.044490
18 200 1.053343
19 200 0.056075
20 200 0.055810
== run89B search 20:12:37 ==
1 200 0.044320
2 200 0.051509
3 200 0.045485
4 200 0.049581
5 200 0.033961
6 200 0.045693
7 200 0.050818
8 200 0.048201
9 200 0.046695
10 200 0.046035
11 200 0.040873
12 200 0.039156
13 200 0.060691
14 200 0.072099
15 200 0.045471
16 200 0.043520
17 200 0.060310
18 200 0.044754
19 200 1.535730
20 200 0.046353
== run89C search 20:12:45 ==
1 200 0.045541
2 200 0.053279
3 200 0.048114
4 200 0.058836
5 200 0.047855
6 200 0.051663
7 200 0.035698
8 200 0.057435
9 200 0.043864
10 200 0.051169
11 200 0.053291
12 200 0.042769
13 200 0.066059
14 200 0.079569
15 200 0.074435
16 200 0.067213
17 200 0.089753
18 200 0.056788
19 200 0.111065
20 200 0.075401
== landing control 20:12:51 ==
1 200 0.078494
2 200 0.077392
3 200 0.069847
4 200 0.135948
5 200 0.080366
6 200 0.066208
7 200 0.095983
8 200 0.071029
9 200 0.046770
10 200 0.080774
11 200 0.067428
12 200 0.073004
13 200 0.069958
14 200 0.055206
15 200 0.061496
16 200 0.178091
17 200 0.074320
18 200 0.053354
19 200 0.089459
20 200 0.052834
host load1: 20:12  up 11 days, 12:01, 6 users, load averages: 12.89 22.20 27.48
