=== run94A search ===
200 1.519907
200 1.122298
200 0.127413
200 0.075918
200 0.096160
200 0.050655
200 0.062662
200 1.402456
200 0.080097
200 0.099824
200 0.142266
200 0.059584
200 0.050820
200 0.193169
200 0.078893
200 0.099289
200 0.079257
200 0.159283
200 0.084651
200 0.095363
=== run94B search ===
200 0.069904
200 0.107947
200 0.060198
200 1.102074
200 0.119797
200 0.086829
200 0.076273
200 0.107063
200 0.095026
200 0.050045
200 0.054516
200 0.049891
200 0.068390
200 0.069092
200 0.078553
200 0.066788
200 0.058029
200 0.074538
200 0.053957
200 0.061087
=== run94C search ===
200 0.063362
200 0.161432
200 0.076677
200 0.050977
200 0.063294
200 0.042884
200 0.048728
200 0.044086
200 0.098032
200 0.053443
200 0.056848
200 0.051755
200 0.051632
200 0.058242
200 0.071532
200 0.058694
200 0.092053
200 0.052803
200 0.059120
200 0.061054
=== landing control ===
200 0.088912
200 0.070673
200 0.078693
200 0.080718
200 0.067783
200 0.082559
200 0.060065
200 0.060797
200 0.080184
200 0.056821
200 0.067933
200 0.068069
200 0.060085
200 0.084114
200 0.064339
200 0.071497
200 0.075395
200 0.052069
200 0.065414
200 0.063659
