start Sat Sep  5 17:54:32 JST 2026
=== run156A search ===
200 0.096501
200 0.174196
200 0.105658
200 0.079201
200 0.066366
200 0.059512
200 0.133043
200 0.106385
200 0.172421
200 0.210407
200 0.107425
200 0.113969
200 0.083878
200 0.158985
200 0.181163
200 0.256306
200 0.122581
200 0.061288
200 0.046225
200 0.122849
=== run156B search ===
200 0.130522
200 0.130501
200 0.183718
200 0.088095
200 0.158513
200 0.087517
200 0.091515
200 0.065226
200 0.076713
200 0.130053
200 0.129305
200 0.138344
200 0.101829
200 0.095634
200 0.170725
200 0.083018
200 0.101731
200 0.138845
200 0.098760
200 0.124568
=== run156C search ===
200 0.127350
200 0.086243
200 0.083058
200 0.115871
200 0.039105
200 0.046314
200 0.051074
200 0.058948
200 0.049140
200 0.040642
200 0.117934
200 0.142933
200 0.148752
200 0.073000
200 0.049674
200 0.051441
200 0.054816
200 0.127168
200 0.062615
200 0.081552
=== landing control ===
200 0.084029
200 0.087155
200 0.061565
200 0.052834
200 0.068859
200 0.077698
200 0.132575
200 0.111874
200 0.108744
200 0.100542
200 0.084017
200 0.095482
200 0.077283
200 0.082562
200 0.063331
200 0.060815
200 0.045639
200 0.089614
200 0.050136
200 0.074017
end Sat Sep  5 17:54:47 JST 2026
