=== run93A search ===
200 0.335577
200 1.118507
200 0.295590
200 0.264398
200 0.097406
200 0.292114
200 0.211988
200 0.232861
200 0.259094
200 0.243069
200 1.229229
200 0.113822
200 0.122049
200 0.101500
200 0.320432
200 0.448091
200 0.300714
200 0.431374
200 0.287245
200 0.224310
=== run93B search ===
200 1.214156
200 0.225709
200 0.217178
200 0.413890
200 0.415358
200 0.150542
200 0.199620
200 0.406520
200 0.338356
200 0.172201
200 0.158247
200 0.289893
200 0.121287
200 0.176498
200 0.258628
200 0.110350
200 0.132502
200 0.160708
200 0.317426
200 0.127765
=== run93C search ===
200 0.222143
200 0.177270
200 0.355366
200 0.271590
200 0.144578
200 0.198900
200 0.123952
200 0.091573
200 0.210454
200 0.153211
200 0.341786
200 0.110300
200 0.268031
200 0.224400
200 0.205731
200 0.101009
200 0.070330
200 0.159944
200 0.134602
200 0.088713
=== landing control ===
200 0.139357
200 0.197702
200 0.298582
200 0.160410
200 0.148874
200 0.117918
200 0.285269
200 0.125258
200 0.140469
200 0.186879
200 0.139128
200 0.192857
200 0.177175
200 0.174864
200 0.220718
200 0.147907
200 0.188137
200 0.175901
200 0.164285
200 0.302355
