=== run96A search ===
200 0.069654
200 0.185476
200 0.049502
200 0.096329
200 0.054605
200 0.191211
200 0.061148
200 0.053201
200 0.114923
200 0.099101
200 0.048494
200 0.098103
200 0.045053
200 0.053978
200 0.085597
200 0.044860
200 0.054574
200 0.053341
200 0.139005
200 0.114559
=== run96B search ===
200 0.066221
200 0.058700
200 0.077442
200 0.089965
200 0.062042
200 0.129031
200 0.090442
200 0.110744
200 0.144451
200 0.087936
200 0.147038
200 0.087818
200 0.097899
200 0.233266
200 0.064101
200 0.198745
200 0.061439
200 0.085176
200 0.073810
200 0.085294
=== run96C search ===
200 0.152306
200 0.131503
200 0.143720
200 0.084922
200 0.108528
200 0.102577
200 0.059366
200 0.185270
200 0.153324
200 0.162082
200 0.071002
200 0.168735
200 0.119191
200 0.138181
200 0.061446
200 0.100933
200 0.225423
200 0.130536
200 0.083064
200 0.132394
=== landing control ===
200 0.184472
200 0.102599
200 0.181443
200 0.133614
200 0.187775
200 0.149563
200 0.173984
200 0.151351
200 0.085317
200 0.104536
200 0.139529
200 0.113068
200 0.091805
200 0.206692
200 0.080547
200 0.138028
200 0.228838
200 0.123856
200 0.258770
200 0.093849
