start Sat Sep  5 17:20:22 JST 2026
=== run155A search ===
200 0.329330
200 0.047836
200 1.082830
200 1.647849
200 1.139345
200 0.045032
200 0.053297
200 0.063769
200 1.026470
200 0.082112
200 0.052185
200 0.048111
200 0.057687
200 0.041382
200 0.047697
200 0.050895
200 0.044728
200 0.046932
200 0.056615
200 0.043762
=== run155B search ===
200 0.036352
200 1.112453
200 0.051977
200 0.043163
200 0.061454
200 0.041153
200 0.042989
200 0.046363
200 0.048846
200 0.052405
200 0.063389
200 0.069159
200 0.054228
200 0.045715
200 0.044917
200 0.040671
200 0.044645
200 0.046009
200 0.046165
200 0.048192
=== run155C search ===
200 0.102239
200 0.052136
200 0.053694
200 0.054093
200 0.045659
200 0.046889
200 0.040766
200 0.041271
200 0.045419
200 0.045946
200 0.041596
200 0.044042
200 0.047921
200 0.074418
200 0.057853
200 0.043816
200 0.042264
200 0.058911
200 0.044398
200 0.051025
=== landing control ===
200 0.056940
200 0.053445
200 0.249484
200 0.061511
200 0.068369
200 0.053314
200 0.045307
200 0.040483
200 0.060925
200 0.051278
200 0.058236
200 0.145666
200 0.058520
200 0.052944
200 0.045329
200 0.045089
200 0.153254
200 0.052376
200 0.045022
200 0.064017
end Sat Sep  5 17:20:35 JST 2026
