=== run86A search ===
200 0.116896
200 0.074291
200 0.054995
200 0.073472
200 0.082862
200 0.071222
200 0.069357
200 0.143720
200 0.209420
200 0.108642
200 0.092618
200 0.144839
200 0.151161
200 0.235790
200 0.055864
200 0.078186
200 0.093363
200 0.090815
200 0.184795
200 0.069226
=== run86B search ===
200 0.143197
200 0.062878
200 0.057630
200 0.133722
200 0.084817
200 0.069860
200 0.074730
200 0.072366
200 0.067323
200 0.066883
200 0.094165
200 0.093260
200 0.061829
200 0.048168
200 0.051329
200 0.060871
200 0.068165
200 0.065165
200 0.066751
200 0.060259
=== run86C search ===
200 0.079713
200 0.064912
200 0.063043
200 0.054350
200 0.055786
200 0.060804
200 0.048124
200 0.065695
200 0.066186
200 0.100276
200 0.079139
200 0.070778
200 0.056143
200 0.068110
200 0.076176
200 0.051293
200 0.097458
200 0.100157
200 0.106465
200 0.088573
=== landing control ===
200 0.104489
200 0.170173
200 0.127971
200 0.066228
200 0.065121
200 0.295156
200 0.106169
200 0.081357
200 0.130763
200 0.085717
200 0.088992
200 0.159647
200 0.186854
200 0.127444
200 0.156664
200 0.135205
200 0.078070
200 0.151313
200 0.095616
200 0.119007
