start Sat Sep  5 16:25:32 JST 2026
=== run154A search ===
200 1.758689
200 1.895621
200 1.022408
200 1.090844
200 0.038993
200 0.047999
200 1.842801
200 0.250228
200 0.902027
200 0.040125
200 0.043464
200 0.855619
200 1.158559
200 0.048881
200 0.042423
200 0.045745
200 0.046597
200 0.046992
200 0.103570
200 0.056441
=== run154B search ===
200 0.039611
200 0.046621
200 0.053347
200 0.045473
200 0.049409
200 0.042521
200 1.434927
200 1.518942
200 0.041216
200 0.049338
200 0.060207
200 0.046503
200 0.041031
200 0.047831
200 0.037612
200 0.041908
200 0.037167
200 0.059038
200 0.109822
200 1.408516
=== run154C search ===
200 0.039722
200 0.040127
200 0.050232
200 0.047590
200 0.046613
200 0.046479
200 0.045993
200 0.041927
200 0.047307
200 0.043667
200 0.041071
200 0.057138
200 0.059797
200 0.050147
200 0.253235
200 0.043247
200 0.053832
200 0.043272
200 0.041817
200 0.042901
=== landing control ===
200 0.053683
200 0.047820
200 0.045263
200 0.087543
200 0.053144
200 0.057612
200 0.064721
200 0.047079
200 0.059855
200 0.059677
200 0.059314
200 0.056840
200 0.238982
200 0.056888
200 0.048323
200 0.071636
200 0.044466
200 0.064919
200 0.058983
200 0.108958
end Sat Sep  5 16:25:53 JST 2026
