=== run88A search ===
200 0.090777
200 0.164304
200 0.146206
200 0.072590
200 0.198668
200 0.086402
200 0.101194
200 0.125548
200 0.118974
200 0.057592
200 0.089260
200 0.076544
200 0.067719
200 0.080596
200 0.067933
200 0.154898
200 0.059435
200 0.173908
200 0.120350
200 0.098195
=== run88B search ===
200 0.145024
200 0.167707
200 0.129225
200 0.121509
200 0.078585
200 0.117477
200 0.047587
200 0.090740
200 0.108566
200 0.095266
200 0.050245
200 0.058324
200 0.051867
200 0.196526
200 0.093096
200 0.178912
200 0.066573
200 0.078184
200 0.126988
200 0.100020
=== run88C search ===
200 0.057707
200 0.263280
200 0.147949
200 0.171443
200 0.110175
200 0.148882
200 0.190232
200 0.124689
200 0.156007
200 0.113219
200 0.150084
200 0.070179
200 0.203309
200 0.078968
200 0.099510
200 0.148515
200 0.436327
200 0.192636
200 0.096081
200 0.123928
=== landing control ===
200 0.066254
200 0.175762
200 0.067345
200 0.081078
200 0.067123
200 0.228918
200 0.084865
200 0.126591
200 0.081235
200 0.177524
200 0.105062
200 0.100047
200 0.071718
200 0.135621
200 0.061240
200 0.244473
200 0.272295
200 0.070089
200 0.068495
200 0.097159
