=== run186A search ===
200 0.986496
200 0.767487
200 0.899031
200 1.179902
200 0.042371
200 0.086469
200 1.242711
200 0.073496
200 0.044382
200 0.086230
200 0.034026
200 0.086870
200 0.679406
200 1.160389
200 1.174561
200 0.060214
200 0.120505
200 1.175163
200 0.041968
200 0.043151
=== run186B search ===
200 0.098920
200 0.051240
200 0.048158
200 0.048398
200 0.098374
200 0.036393
200 0.053776
200 0.041434
200 0.046346
200 0.039080
200 0.044982
200 0.080796
200 0.045757
200 0.036891
200 0.054281
200 0.032149
200 0.039791
200 0.041281
200 0.033439
200 0.033446
=== run186C search ===
200 0.035199
200 0.034513
200 0.035981
200 0.068530
200 0.037526
200 0.036097
200 0.036560
200 0.033926
200 0.029135
200 0.034537
200 0.035505
200 0.037283
200 0.036307
200 0.033394
200 0.034578
200 0.043749
200 0.034159
200 0.041598
200 0.034312
200 0.036417
=== landing control ===
200 0.041316
200 0.037090
200 0.042530
200 0.036332
200 0.038925
200 0.045467
200 0.048891
200 0.036820
200 0.034585
200 0.040872
200 0.042270
200 0.034872
200 0.043044
200 0.047460
200 0.045301
200 0.044834
200 0.040615
200 0.041761
200 0.040317
200 0.046141
