=== run97A search ===
200 0.095065
200 0.057515
200 0.054665
200 0.086963
200 1.015088
200 0.063490
200 0.054322
200 1.026162
200 0.051238
200 0.046458
200 0.074079
200 0.066000
200 0.068132
200 0.063596
200 0.056145
200 0.151703
200 0.125095
200 0.133224
200 0.076277
200 0.747139
=== run97B search ===
200 0.100978
200 0.089039
200 0.116512
200 0.049041
200 0.068169
200 0.083848
200 0.053793
200 0.041162
200 0.064081
200 0.048081
200 0.048433
200 0.042670
200 0.052670
200 0.110483
200 0.067141
200 0.041473
200 0.100147
200 0.064598
200 0.039938
200 0.056965
=== run97C search ===
200 0.062213
200 0.052953
200 0.082096
200 0.107039
200 0.059151
200 0.081947
200 0.044975
200 0.064051
200 0.101316
200 0.067189
200 0.047498
200 0.064014
200 0.068899
200 0.044819
200 0.046659
200 0.051884
200 0.051710
200 0.042574
200 0.050973
200 0.068926
=== landing control ===
200 0.100033
200 0.079830
200 0.058685
200 0.064531
200 0.095413
200 0.069129
200 0.066843
200 0.049192
200 0.058142
200 0.080063
200 0.058265
200 0.057998
200 0.085131
200 0.063463
200 0.092747
200 0.052634
200 0.080397
200 0.064047
200 0.061999
200 0.061796
