=== run333A search ===
200 0.211243
200 1.184113
200 0.112738
200 2.055582
200 1.553747
200 0.126152
200 0.132211
200 1.217091
200 0.077222
200 0.059233
200 0.169544
200 0.151835
200 0.060855
200 0.170289
200 0.161015
200 0.117747
200 0.075586
200 0.114154
200 0.076182
200 0.098710
=== run333B search ===
200 0.115337
200 0.116187
200 0.097062
200 0.060546
200 0.171565
200 0.156768
200 0.125743
200 0.997329
200 0.090843
200 0.147381
200 0.059241
200 0.107474
200 0.051283
200 0.149575
200 0.107302
200 0.110527
200 0.131469
200 0.053854
200 0.107096
200 0.093589
=== run333C search ===
200 0.215354
200 0.141547
200 0.099065
200 0.121645
200 0.090444
200 0.060890
200 0.100272
200 0.056061
200 0.054631
200 0.067020
200 0.078881
200 0.098122
200 0.066188
200 0.114384
200 0.189802
200 0.062958
200 0.108275
200 0.083232
200 0.103688
200 0.144827
=== landing control ===
200 0.147983
200 0.419874
200 0.134821
200 0.068499
200 0.163653
200 0.119420
200 0.104972
200 0.054417
200 0.094802
200 0.137768
200 0.089488
200 0.152839
200 0.146881
200 0.099319
200 0.195994
200 0.281476
200 0.183079
200 0.093152
200 0.069708
200 0.090420
