=== run87A search ===
200 0.126031
200 1.118287
200 0.136622
200 1.006029
200 1.209988
200 0.062428
200 0.070923
200 0.112176
200 0.089054
200 0.066394
200 0.101956
200 0.159728
200 0.099770
200 0.082500
200 0.083061
200 0.123410
200 0.070956
200 0.054333
200 0.072961
200 0.060599
=== run87B search ===
200 0.054785
200 0.072451
200 0.114247
200 0.118996
200 0.965979
200 0.103738
200 0.090807
200 0.079334
200 0.093640
200 0.101046
200 0.155622
200 0.093770
200 0.064716
200 0.066841
200 0.045172
200 0.093050
200 0.059362
200 0.056501
200 0.079705
200 0.086074
=== run87C search ===
200 0.133532
200 0.147313
200 0.207290
200 0.198159
200 0.082104
200 0.154446
200 0.099355
200 0.171982
200 0.245184
200 0.077594
200 0.145623
200 0.086630
200 0.139493
200 0.163831
200 0.119976
200 0.107076
200 0.195470
200 0.265676
200 0.117995
200 0.143790
=== landing control ===
200 0.181550
200 0.170929
200 0.109774
200 0.157093
200 0.210896
200 0.066858
200 0.178233
200 0.070825
200 0.190274
200 0.276921
200 0.235361
200 0.179781
200 0.085724
200 0.140884
200 0.060351
200 0.120544
200 0.055726
200 0.232794
200 0.136692
200 0.192876
