start Sat Sep  5 09:48:47 JST 2026
=== run123A search ===
200 0.831072
200 0.063229
200 0.105060
200 0.042489
200 0.069988
200 0.052312
200 0.053686
200 0.048539
200 0.045174
200 0.076532
200 0.086838
200 0.107314
200 0.102847
200 0.049053
200 0.052298
200 0.047044
200 0.044568
200 0.049262
200 0.046735
200 0.971595
=== run123B search ===
200 0.046827
200 0.037645
200 0.037969
200 0.039568
200 0.036153
200 0.037626
200 0.045250
200 0.042996
200 0.046570
200 0.045654
200 0.040645
200 0.034818
200 0.040506
200 0.037632
200 0.047151
200 0.039630
200 0.048911
200 0.035797
200 0.064462
200 0.042023
=== run123C search ===
200 0.037486
200 0.039382
200 0.075419
200 0.036252
200 0.034643
200 0.038765
200 0.039847
200 0.038577
200 0.058306
200 0.043140
200 0.049218
200 0.046572
200 0.030634
200 0.046380
200 0.032927
200 0.032938
200 0.035567
200 0.046543
200 0.040605
200 0.043141
=== landing control ===
200 0.052057
200 0.037608
200 0.038203
200 0.037274
200 0.049743
200 0.037413
200 0.049840
200 0.049942
200 0.042100
200 0.039962
200 0.057586
200 0.046228
200 0.047699
200 0.048900
200 0.045448
200 0.037209
200 0.039908
200 0.039308
200 0.036273
200 0.031367
end Sat Sep  5 09:48:54 JST 2026
