=== run92A search ===
200 0.182944
200 0.069215
200 1.234239
200 0.433719
200 0.076032
200 1.472665
200 1.199183
200 0.153345
200 0.125850
200 0.162210
200 0.126439
200 1.582627
200 0.266886
200 0.200074
200 0.249505
200 0.225358
200 0.283731
200 0.128569
200 0.171376
200 0.180428
=== run92B search ===
200 0.170000
200 0.592996
200 0.179934
200 0.085488
200 0.218943
200 0.099804
200 0.155963
200 0.315571
200 0.220014
200 0.150988
200 0.131916
200 0.202972
200 0.132974
200 0.186436
200 0.149427
200 0.112394
200 0.142343
200 2.117645
200 0.294205
200 0.156688
=== run92C search ===
200 0.127417
200 0.123617
200 0.205353
200 0.062842
200 0.274734
200 0.218395
200 0.199935
200 0.251524
200 0.225594
200 0.163956
200 0.253511
200 0.328294
200 0.127444
200 0.168717
200 0.119124
200 0.143208
200 0.242295
200 0.089144
200 0.137417
200 0.304753
=== landing control ===
200 0.302008
200 0.246559
200 0.166373
200 0.175901
200 0.158163
200 0.218110
200 0.122449
200 0.192639
200 0.098736
200 0.181596
200 0.134709
200 0.230359
200 0.160798
200 0.475318
200 0.207592
200 0.376254
200 0.351600
200 0.190615
200 0.124500
200 0.092133
