=== run90A search ===
200 0.130050
200 0.077734
200 0.064029
200 0.070728
200 0.057027
200 0.073510
200 0.072056
200 0.131072
200 0.062028
200 0.065507
200 0.052908
200 0.092499
200 0.096261
200 0.062898
200 0.049664
200 0.089990
200 0.113050
200 0.120690
200 0.065387
200 0.054714
=== run90B search ===
200 0.054171
200 0.044139
200 0.055613
200 0.067634
200 0.055169
200 0.113686
200 0.049407
200 0.053782
200 0.064634
200 0.057663
200 0.053439
200 0.059871
200 0.050438
200 0.089952
200 0.074370
200 0.081262
200 0.066059
200 0.053215
200 0.077470
200 0.070799
=== run90C search ===
200 0.062513
200 0.072936
200 0.070402
200 0.072977
200 0.073091
200 0.068190
200 0.096883
200 0.048281
200 0.060165
200 0.067029
200 0.052156
200 0.067443
200 0.072679
200 0.050204
200 0.062618
200 0.087309
200 0.063120
200 0.076982
200 0.061744
200 0.088318
=== landing control ===
200 0.058729
200 0.059227
200 0.082785
200 0.089058
200 0.066906
200 0.071353
200 0.080337
200 0.066301
200 0.074577
200 0.063402
200 0.049607
200 0.061742
200 0.080367
200 0.063368
200 0.058480
200 0.055961
200 0.067374
200 0.085180
200 0.052220
200 0.061778
