start Sat Sep  5 09:32:10 JST 2026
=== run122A search ===
200 0.919920
200 0.887049
200 0.061833
200 0.043862
200 0.038284
200 0.830845
200 0.049651
200 0.033808
200 0.925347
200 0.036087
200 0.043354
200 0.053844
200 0.034541
200 0.037511
200 0.036648
200 0.040819
200 0.041359
200 0.035251
200 0.034747
200 0.035388
=== run122B search ===
200 0.034118
200 0.036126
200 0.043941
200 0.042870
200 0.037338
200 0.047460
200 0.035452
200 0.037010
200 0.033466
200 0.038138
200 0.049927
200 0.036863
200 0.036935
200 0.041003
200 1.451528
200 0.039395
200 0.044345
200 0.049531
200 0.052293
200 0.044747
=== run122C search ===
200 0.038339
200 0.038029
200 0.038390
200 0.036024
200 0.040404
200 0.037590
200 0.095319
200 0.031723
200 0.037151
200 0.044315
200 0.053087
200 0.036019
200 0.043744
200 0.033154
200 0.035880
200 0.041426
200 0.037039
200 0.033770
200 0.035908
200 0.036808
=== landing control ===
200 0.047122
200 0.041545
200 0.044856
200 0.049605
200 0.041395
200 0.287046
200 0.042860
200 0.042842
200 0.042002
200 0.049401
200 0.041334
200 0.038605
200 0.042016
200 0.050108
200 0.046416
200 0.099402
200 0.044447
200 0.040236
200 0.044992
200 0.045340
end Sat Sep  5 09:32:20 JST 2026
